cpu  181293 645 161431 15884645 6260 44878 43835 0 0 0
cpu0 42536 8 54743 3952031 1332 18987 11508 0 0 0
cpu1 46123 50 46265 3952062 1714 9709 13858 0 0 0
cpu2 45535 129 34806 3978973 2007 8598 11284 0 0 0
cpu3 47098 457 25615 4001577 1205 7581 7184 0 0 0
intr 12604414 0 0 0 0 0 0 0 0 0 1059686 1256587 1116553 956436 206 0 0 0 0 0 0 0 0 0 0 0 0 160 0 0 0 0 0 0 0 0 0 0 0 0 0 0 0 0 0 0 0 0 0 0 0 0 0 0 0 0 0 0 0 0 0 4 82 0 11 20 0 0 0 2414 213935 1 0 0 0 0 0 0 0 0 1251 414168 0 0 113 0 522095 0 0 22 0 1354192 0 40702 0 0 0 0 0 0 0 0 0 0 0 0 0 0 0 0 0 0 0 0 0 0 0 0 0 0 0 0 0 0 0 0 0 0 0 0 0 0 0 0 0 0 0 0 0 0 0 0 0 0 0 0 0 0 0 0 0 0 0 0 0 0 0 0 0 0 0 0 0 0 0 0 0 0 0 0 0 0 0 0 0 0 0 0 0 0 0 0 0 0 0 0 0 0 0 0 0 0 0 0 0 0 0 0 0 0 0 0 0 0 0 0 0 0 0 0 0 0 0 0 0 0 0 0 0 0 0 0 0 0 0 0 0 0 0 0 0 0 0 0 0 0 0 0 0 0 0 0 0 0 0 0 0 0 0 0 0 0 0 0 0 0 0 0 0 0 0 0 0 0 0 0 0 0 0 0 0 0 0 0 0 0 0 0 0 0 0 0 0 0 0 0 0 0 0 0 0 0 0 0 0 0 0 0 0 0 0 0 0 0 0 0 0 0 0 0 0 0 0 0 0 0 0 0 0 0 0 0 0 0 0 0 0 0 0 0 0 0 0 0 0 0 0 0 0 0 0 0 0 0 0 0 0 0 0 0 0 0 0 0 0 0 0 0 0 0 0 0 0 0 0 0 0 0 0 0 0 0 0 0 0 0 0 0 0 0 0 0 0 0 0 56 54 0 0 0 0 0 0 0 0 0 0 0 0 0 0 0 0 0 0 0 0 0 522097
ctxt 17068041
btime 1640976395
processes 58174
procs_running 3
procs_blocked 0
softirq 7168800 3 2848749 19345 482180 0 0 23508 2258027 0 1536988
